# Oval course polyline (about 10mm pitch)
# Format: x y
# Closed loop is automatic; first point does not need to be repeated.

-2500.000 0.000
-2490.000 0.000
-2480.000 0.000
-2470.000 0.000
-2460.000 0.000
-2450.000 0.000
-2440.000 0.000
-2430.000 0.000
-2420.000 0.000
-2410.000 0.000
-2400.000 0.000
-2390.000 0.000
-2380.000 0.000
-2370.000 0.000
-2360.000 0.000
-2350.000 0.000
-2340.000 0.000
-2330.000 0.000
-2320.000 0.000
-2310.000 0.000
-2300.000 0.000
-2290.000 0.000
-2280.000 0.000
-2270.000 0.000
-2260.000 0.000
-2250.000 0.000
-2240.000 0.000
-2230.000 0.000
-2220.000 0.000
-2210.000 0.000
-2200.000 0.000
-2190.000 0.000
-2180.000 0.000
-2170.000 0.000
-2160.000 0.000
-2150.000 0.000
-2140.000 0.000
-2130.000 0.000
-2120.000 0.000
-2110.000 0.000
-2100.000 0.000
-2090.000 0.000
-2080.000 0.000
-2070.000 0.000
-2060.000 0.000
-2050.000 0.000
-2040.000 0.000
-2030.000 0.000
-2020.000 0.000
-2010.000 0.000
-2000.000 0.000
-1990.000 0.000
-1980.000 0.000
-1970.000 0.000
-1960.000 0.000
-1950.000 0.000
-1940.000 0.000
-1930.000 0.000
-1920.000 0.000
-1910.000 0.000
-1900.000 0.000
-1890.000 0.000
-1880.000 0.000
-1870.000 0.000
-1860.000 0.000
-1850.000 0.000
-1840.000 0.000
-1830.000 0.000
-1820.000 0.000
-1810.000 0.000
-1800.000 0.000
-1790.000 0.000
-1780.000 0.000
-1770.000 0.000
-1760.000 0.000
-1750.000 0.000
-1740.000 0.000
-1730.000 0.000
-1720.000 0.000
-1710.000 0.000
-1700.000 0.000
-1690.000 0.000
-1680.000 0.000
-1670.000 0.000
-1660.000 0.000
-1650.000 0.000
-1640.000 0.000
-1630.000 0.000
-1620.000 0.000
-1610.000 0.000
-1600.000 0.000
-1590.000 0.000
-1580.000 0.000
-1570.000 0.000
-1560.000 0.000
-1550.000 0.000
-1540.000 0.000
-1530.000 0.000
-1520.000 0.000
-1510.000 0.000
-1500.000 0.000
-1490.000 0.000
-1480.000 0.000
-1470.000 0.000
-1460.000 0.000
-1450.000 0.000
-1440.000 0.000
-1430.000 0.000
-1420.000 0.000
-1410.000 0.000
-1400.000 0.000
-1390.000 0.000
-1380.000 0.000
-1370.000 0.000
-1360.000 0.000
-1350.000 0.000
-1340.000 0.000
-1330.000 0.000
-1320.000 0.000
-1310.000 0.000
-1300.000 0.000
-1290.000 0.000
-1280.000 0.000
-1270.000 0.000
-1260.000 0.000
-1250.000 0.000
-1240.000 0.000
-1230.000 0.000
-1220.000 0.000
-1210.000 0.000
-1200.000 0.000
-1190.000 0.000
-1180.000 0.000
-1170.000 0.000
-1160.000 0.000
-1150.000 0.000
-1140.000 0.000
-1130.000 0.000
-1120.000 0.000
-1110.000 0.000
-1100.000 0.000
-1090.000 0.000
-1080.000 0.000
-1070.000 0.000
-1060.000 0.000
-1050.000 0.000
-1040.000 0.000
-1030.000 0.000
-1020.000 0.000
-1010.000 0.000
-1000.000 0.000
-990.000 0.000
-980.000 0.000
-970.000 0.000
-960.000 0.000
-950.000 0.000
-940.000 0.000
-930.000 0.000
-920.000 0.000
-910.000 0.000
-900.000 0.000
-890.000 0.000
-880.000 0.000
-870.000 0.000
-860.000 0.000
-850.000 0.000
-840.000 0.000
-830.000 0.000
-820.000 0.000
-810.000 0.000
-800.000 0.000
-790.000 0.000
-780.000 0.000
-770.000 0.000
-760.000 0.000
-750.000 0.000
-740.000 0.000
-730.000 0.000
-720.000 0.000
-710.000 0.000
-700.000 0.000
-690.000 0.000
-680.000 0.000
-670.000 0.000
-660.000 0.000
-650.000 0.000
-640.000 0.000
-630.000 0.000
-620.000 0.000
-610.000 0.000
-600.000 0.000
-590.000 0.000
-580.000 0.000
-570.000 0.000
-560.000 0.000
-550.000 0.000
-540.000 0.000
-530.000 0.000
-520.000 0.000
-510.000 0.000
-500.000 0.000
-490.000 0.000
-480.000 0.000
-470.000 0.000
-460.000 0.000
-450.000 0.000
-440.000 0.000
-430.000 0.000
-420.000 0.000
-410.000 0.000
-400.000 0.000
-390.000 0.000
-380.000 0.000
-370.000 0.000
-360.000 0.000
-350.000 0.000
-340.000 0.000
-330.000 0.000
-320.000 0.000
-310.000 0.000
-300.000 0.000
-290.000 0.000
-280.000 0.000
-270.000 0.000
-260.000 0.000
-250.000 0.000
-240.000 0.000
-230.000 0.000
-220.000 0.000
-210.000 0.000
-200.000 0.000
-190.000 0.000
-180.000 0.000
-170.000 0.000
-160.000 0.000
-150.000 0.000
-140.000 0.000
-130.000 0.000
-120.000 0.000
-110.000 0.000
-100.000 0.000
-90.000 0.000
-80.000 0.000
-70.000 0.000
-60.000 0.000
-50.000 0.000
-40.000 0.000
-30.000 0.000
-20.000 0.000
-10.000 0.000
0.000 0.000
10.000 0.000
20.000 0.000
30.000 0.000
40.000 0.000
50.000 0.000
60.000 0.000
70.000 0.000
80.000 0.000
90.000 0.000
100.000 0.000
110.000 0.000
120.000 0.000
130.000 0.000
140.000 0.000
150.000 0.000
160.000 0.000
170.000 0.000
180.000 0.000
190.000 0.000
200.000 0.000
210.000 0.000
220.000 0.000
230.000 0.000
240.000 0.000
250.000 0.000
260.000 0.000
270.000 0.000
280.000 0.000
290.000 0.000
300.000 0.000
310.000 0.000
320.000 0.000
330.000 0.000
340.000 0.000
350.000 0.000
360.000 0.000
370.000 0.000
380.000 0.000
390.000 0.000
400.000 0.000
410.000 0.000
420.000 0.000
430.000 0.000
440.000 0.000
450.000 0.000
460.000 0.000
470.000 0.000
480.000 0.000
490.000 0.000
500.000 0.000
510.000 0.000
520.000 0.000
530.000 0.000
540.000 0.000
550.000 0.000
560.000 0.000
570.000 0.000
580.000 0.000
590.000 0.000
600.000 0.000
610.000 0.000
620.000 0.000
630.000 0.000
640.000 0.000
650.000 0.000
660.000 0.000
670.000 0.000
680.000 0.000
690.000 0.000
700.000 0.000
710.000 0.000
720.000 0.000
730.000 0.000
740.000 0.000
750.000 0.000
760.000 0.000
770.000 0.000
780.000 0.000
790.000 0.000
800.000 0.000
810.000 0.000
820.000 0.000
830.000 0.000
840.000 0.000
850.000 0.000
860.000 0.000
870.000 0.000
880.000 0.000
890.000 0.000
900.000 0.000
910.000 0.000
920.000 0.000
930.000 0.000
940.000 0.000
950.000 0.000
960.000 0.000
970.000 0.000
980.000 0.000
990.000 0.000
1000.000 0.000
1010.000 0.000
1020.000 0.000
1030.000 0.000
1040.000 0.000
1050.000 0.000
1060.000 0.000
1070.000 0.000
1080.000 0.000
1090.000 0.000
1100.000 0.000
1110.000 0.000
1120.000 0.000
1130.000 0.000
1140.000 0.000
1150.000 0.000
1160.000 0.000
1170.000 0.000
1180.000 0.000
1190.000 0.000
1200.000 0.000
1210.000 0.000
1220.000 0.000
1230.000 0.000
1240.000 0.000
1250.000 0.000
1260.000 0.000
1270.000 0.000
1280.000 0.000
1290.000 0.000
1300.000 0.000
1310.000 0.000
1320.000 0.000
1330.000 0.000
1340.000 0.000
1350.000 0.000
1360.000 0.000
1370.000 0.000
1380.000 0.000
1390.000 0.000
1400.000 0.000
1410.000 0.000
1420.000 0.000
1430.000 0.000
1440.000 0.000
1450.000 0.000
1460.000 0.000
1470.000 0.000
1480.000 0.000
1490.000 0.000
1500.000 0.000
1510.000 0.000
1520.000 0.000
1530.000 0.000
1540.000 0.000
1550.000 0.000
1560.000 0.000
1570.000 0.000
1580.000 0.000
1590.000 0.000
1600.000 0.000
1610.000 0.000
1620.000 0.000
1630.000 0.000
1640.000 0.000
1650.000 0.000
1660.000 0.000
1670.000 0.000
1680.000 0.000
1690.000 0.000
1700.000 0.000
1710.000 0.000
1720.000 0.000
1730.000 0.000
1740.000 0.000
1750.000 0.000
1760.000 0.000
1770.000 0.000
1780.000 0.000
1790.000 0.000
1800.000 0.000
1810.000 0.000
1820.000 0.000
1830.000 0.000
1840.000 0.000
1850.000 0.000
1860.000 0.000
1870.000 0.000
1880.000 0.000
1890.000 0.000
1900.000 0.000
1910.000 0.000
1920.000 0.000
1930.000 0.000
1940.000 0.000
1950.000 0.000
1960.000 0.000
1970.000 0.000
1980.000 0.000
1990.000 0.000
2000.000 0.000
2010.000 0.000
2020.000 0.000
2030.000 0.000
2040.000 0.000
2050.000 0.000
2060.000 0.000
2070.000 0.000
2080.000 0.000
2090.000 0.000
2100.000 0.000
2110.000 0.000
2120.000 0.000
2130.000 0.000
2140.000 0.000
2150.000 0.000
2160.000 0.000
2170.000 0.000
2180.000 0.000
2190.000 0.000
2200.000 0.000
2210.000 0.000
2220.000 0.000
2230.000 0.000
2240.000 0.000
2250.000 0.000
2260.000 0.000
2270.000 0.000
2280.000 0.000
2290.000 0.000
2300.000 0.000
2310.000 0.000
2320.000 0.000
2330.000 0.000
2340.000 0.000
2350.000 0.000
2360.000 0.000
2370.000 0.000
2380.000 0.000
2390.000 0.000
2400.000 0.000
2410.000 0.000
2420.000 0.000
2430.000 0.000
2440.000 0.000
2450.000 0.000
2460.000 0.000
2470.000 0.000
2480.000 0.000
2490.000 0.000
2500.000 0.000
2509.810 0.321
2519.579 1.283
2529.264 2.882
2538.823 5.111
2548.216 7.960
2557.403 11.418
2566.343 15.469
2575.000 20.096
2583.336 25.280
2591.314 30.997
2598.902 37.224
2606.066 43.934
2612.776 51.098
2619.003 58.686
2624.720 66.664
2629.904 75.000
2634.531 83.657
2638.582 92.597
2642.040 101.784
2644.889 111.177
2647.118 120.736
2648.717 130.421
2649.679 140.190
2650.000 150.000
2649.679 159.810
2648.717 169.579
2647.118 179.264
2644.889 188.823
2642.040 198.216
2638.582 207.403
2634.531 216.343
2629.904 225.000
2624.720 233.336
2619.003 241.314
2612.776 248.902
2606.066 256.066
2598.902 262.776
2591.314 269.003
2583.336 274.720
2575.000 279.904
2566.343 284.531
2557.403 288.582
2548.216 292.040
2538.823 294.889
2529.264 297.118
2519.579 298.717
2509.810 299.679
2500.000 300.000
2490.000 300.000
2480.000 300.000
2470.000 300.000
2460.000 300.000
2450.000 300.000
2440.000 300.000
2430.000 300.000
2420.000 300.000
2410.000 300.000
2400.000 300.000
2390.000 300.000
2380.000 300.000
2370.000 300.000
2360.000 300.000
2350.000 300.000
2340.000 300.000
2330.000 300.000
2320.000 300.000
2310.000 300.000
2300.000 300.000
2290.000 300.000
2280.000 300.000
2270.000 300.000
2260.000 300.000
2250.000 300.000
2240.000 300.000
2230.000 300.000
2220.000 300.000
2210.000 300.000
2200.000 300.000
2190.000 300.000
2180.000 300.000
2170.000 300.000
2160.000 300.000
2150.000 300.000
2140.000 300.000
2130.000 300.000
2120.000 300.000
2110.000 300.000
2100.000 300.000
2090.000 300.000
2080.000 300.000
2070.000 300.000
2060.000 300.000
2050.000 300.000
2040.000 300.000
2030.000 300.000
2020.000 300.000
2010.000 300.000
2000.000 300.000
1990.000 300.000
1980.000 300.000
1970.000 300.000
1960.000 300.000
1950.000 300.000
1940.000 300.000
1930.000 300.000
1920.000 300.000
1910.000 300.000
1900.000 300.000
1890.000 300.000
1880.000 300.000
1870.000 300.000
1860.000 300.000
1850.000 300.000
1840.000 300.000
1830.000 300.000
1820.000 300.000
1810.000 300.000
1800.000 300.000
1790.000 300.000
1780.000 300.000
1770.000 300.000
1760.000 300.000
1750.000 300.000
1740.000 300.000
1730.000 300.000
1720.000 300.000
1710.000 300.000
1700.000 300.000
1690.000 300.000
1680.000 300.000
1670.000 300.000
1660.000 300.000
1650.000 300.000
1640.000 300.000
1630.000 300.000
1620.000 300.000
1610.000 300.000
1600.000 300.000
1590.000 300.000
1580.000 300.000
1570.000 300.000
1560.000 300.000
1550.000 300.000
1540.000 300.000
1530.000 300.000
1520.000 300.000
1510.000 300.000
1500.000 300.000
1490.000 300.000
1480.000 300.000
1470.000 300.000
1460.000 300.000
1450.000 300.000
1440.000 300.000
1430.000 300.000
1420.000 300.000
1410.000 300.000
1400.000 300.000
1390.000 300.000
1380.000 300.000
1370.000 300.000
1360.000 300.000
1350.000 300.000
1340.000 300.000
1330.000 300.000
1320.000 300.000
1310.000 300.000
1300.000 300.000
1290.000 300.000
1280.000 300.000
1270.000 300.000
1260.000 300.000
1250.000 300.000
1240.000 300.000
1230.000 300.000
1220.000 300.000
1210.000 300.000
1200.000 300.000
1190.000 300.000
1180.000 300.000
1170.000 300.000
1160.000 300.000
1150.000 300.000
1140.000 300.000
1130.000 300.000
1120.000 300.000
1110.000 300.000
1100.000 300.000
1090.000 300.000
1080.000 300.000
1070.000 300.000
1060.000 300.000
1050.000 300.000
1040.000 300.000
1030.000 300.000
1020.000 300.000
1010.000 300.000
1000.000 300.000
990.000 300.000
980.000 300.000
970.000 300.000
960.000 300.000
950.000 300.000
940.000 300.000
930.000 300.000
920.000 300.000
910.000 300.000
900.000 300.000
890.000 300.000
880.000 300.000
870.000 300.000
860.000 300.000
850.000 300.000
840.000 300.000
830.000 300.000
820.000 300.000
810.000 300.000
800.000 300.000
790.000 300.000
780.000 300.000
770.000 300.000
760.000 300.000
750.000 300.000
740.000 300.000
730.000 300.000
720.000 300.000
710.000 300.000
700.000 300.000
690.000 300.000
680.000 300.000
670.000 300.000
660.000 300.000
650.000 300.000
640.000 300.000
630.000 300.000
620.000 300.000
610.000 300.000
600.000 300.000
590.000 300.000
580.000 300.000
570.000 300.000
560.000 300.000
550.000 300.000
540.000 300.000
530.000 300.000
520.000 300.000
510.000 300.000
500.000 300.000
490.000 300.000
480.000 300.000
470.000 300.000
460.000 300.000
450.000 300.000
440.000 300.000
430.000 300.000
420.000 300.000
410.000 300.000
400.000 300.000
390.000 300.000
380.000 300.000
370.000 300.000
360.000 300.000
350.000 300.000
340.000 300.000
330.000 300.000
320.000 300.000
310.000 300.000
300.000 300.000
290.000 300.000
280.000 300.000
270.000 300.000
260.000 300.000
250.000 300.000
240.000 300.000
230.000 300.000
220.000 300.000
210.000 300.000
200.000 300.000
190.000 300.000
180.000 300.000
170.000 300.000
160.000 300.000
150.000 300.000
140.000 300.000
130.000 300.000
120.000 300.000
110.000 300.000
100.000 300.000
90.000 300.000
80.000 300.000
70.000 300.000
60.000 300.000
50.000 300.000
40.000 300.000
30.000 300.000
20.000 300.000
10.000 300.000
0.000 300.000
-10.000 300.000
-20.000 300.000
-30.000 300.000
-40.000 300.000
-50.000 300.000
-60.000 300.000
-70.000 300.000
-80.000 300.000
-90.000 300.000
-100.000 300.000
-110.000 300.000
-120.000 300.000
-130.000 300.000
-140.000 300.000
-150.000 300.000
-160.000 300.000
-170.000 300.000
-180.000 300.000
-190.000 300.000
-200.000 300.000
-210.000 300.000
-220.000 300.000
-230.000 300.000
-240.000 300.000
-250.000 300.000
-260.000 300.000
-270.000 300.000
-280.000 300.000
-290.000 300.000
-300.000 300.000
-310.000 300.000
-320.000 300.000
-330.000 300.000
-340.000 300.000
-350.000 300.000
-360.000 300.000
-370.000 300.000
-380.000 300.000
-390.000 300.000
-400.000 300.000
-410.000 300.000
-420.000 300.000
-430.000 300.000
-440.000 300.000
-450.000 300.000
-460.000 300.000
-470.000 300.000
-480.000 300.000
-490.000 300.000
-500.000 300.000
-510.000 300.000
-520.000 300.000
-530.000 300.000
-540.000 300.000
-550.000 300.000
-560.000 300.000
-570.000 300.000
-580.000 300.000
-590.000 300.000
-600.000 300.000
-610.000 300.000
-620.000 300.000
-630.000 300.000
-640.000 300.000
-650.000 300.000
-660.000 300.000
-670.000 300.000
-680.000 300.000
-690.000 300.000
-700.000 300.000
-710.000 300.000
-720.000 300.000
-730.000 300.000
-740.000 300.000
-750.000 300.000
-760.000 300.000
-770.000 300.000
-780.000 300.000
-790.000 300.000
-800.000 300.000
-810.000 300.000
-820.000 300.000
-830.000 300.000
-840.000 300.000
-850.000 300.000
-860.000 300.000
-870.000 300.000
-880.000 300.000
-890.000 300.000
-900.000 300.000
-910.000 300.000
-920.000 300.000
-930.000 300.000
-940.000 300.000
-950.000 300.000
-960.000 300.000
-970.000 300.000
-980.000 300.000
-990.000 300.000
-1000.000 300.000
-1010.000 300.000
-1020.000 300.000
-1030.000 300.000
-1040.000 300.000
-1050.000 300.000
-1060.000 300.000
-1070.000 300.000
-1080.000 300.000
-1090.000 300.000
-1100.000 300.000
-1110.000 300.000
-1120.000 300.000
-1130.000 300.000
-1140.000 300.000
-1150.000 300.000
-1160.000 300.000
-1170.000 300.000
-1180.000 300.000
-1190.000 300.000
-1200.000 300.000
-1210.000 300.000
-1220.000 300.000
-1230.000 300.000
-1240.000 300.000
-1250.000 300.000
-1260.000 300.000
-1270.000 300.000
-1280.000 300.000
-1290.000 300.000
-1300.000 300.000
-1310.000 300.000
-1320.000 300.000
-1330.000 300.000
-1340.000 300.000
-1350.000 300.000
-1360.000 300.000
-1370.000 300.000
-1380.000 300.000
-1390.000 300.000
-1400.000 300.000
-1410.000 300.000
-1420.000 300.000
-1430.000 300.000
-1440.000 300.000
-1450.000 300.000
-1460.000 300.000
-1470.000 300.000
-1480.000 300.000
-1490.000 300.000
-1500.000 300.000
-1510.000 300.000
-1520.000 300.000
-1530.000 300.000
-1540.000 300.000
-1550.000 300.000
-1560.000 300.000
-1570.000 300.000
-1580.000 300.000
-1590.000 300.000
-1600.000 300.000
-1610.000 300.000
-1620.000 300.000
-1630.000 300.000
-1640.000 300.000
-1650.000 300.000
-1660.000 300.000
-1670.000 300.000
-1680.000 300.000
-1690.000 300.000
-1700.000 300.000
-1710.000 300.000
-1720.000 300.000
-1730.000 300.000
-1740.000 300.000
-1750.000 300.000
-1760.000 300.000
-1770.000 300.000
-1780.000 300.000
-1790.000 300.000
-1800.000 300.000
-1810.000 300.000
-1820.000 300.000
-1830.000 300.000
-1840.000 300.000
-1850.000 300.000
-1860.000 300.000
-1870.000 300.000
-1880.000 300.000
-1890.000 300.000
-1900.000 300.000
-1910.000 300.000
-1920.000 300.000
-1930.000 300.000
-1940.000 300.000
-1950.000 300.000
-1960.000 300.000
-1970.000 300.000
-1980.000 300.000
-1990.000 300.000
-2000.000 300.000
-2010.000 300.000
-2020.000 300.000
-2030.000 300.000
-2040.000 300.000
-2050.000 300.000
-2060.000 300.000
-2070.000 300.000
-2080.000 300.000
-2090.000 300.000
-2100.000 300.000
-2110.000 300.000
-2120.000 300.000
-2130.000 300.000
-2140.000 300.000
-2150.000 300.000
-2160.000 300.000
-2170.000 300.000
-2180.000 300.000
-2190.000 300.000
-2200.000 300.000
-2210.000 300.000
-2220.000 300.000
-2230.000 300.000
-2240.000 300.000
-2250.000 300.000
-2260.000 300.000
-2270.000 300.000
-2280.000 300.000
-2290.000 300.000
-2300.000 300.000
-2310.000 300.000
-2320.000 300.000
-2330.000 300.000
-2340.000 300.000
-2350.000 300.000
-2360.000 300.000
-2370.000 300.000
-2380.000 300.000
-2390.000 300.000
-2400.000 300.000
-2410.000 300.000
-2420.000 300.000
-2430.000 300.000
-2440.000 300.000
-2450.000 300.000
-2460.000 300.000
-2470.000 300.000
-2480.000 300.000
-2490.000 300.000
-2500.000 300.000
-2509.810 299.679
-2519.579 298.717
-2529.264 297.118
-2538.823 294.889
-2548.216 292.040
-2557.403 288.582
-2566.343 284.531
-2575.000 279.904
-2583.336 274.720
-2591.314 269.003
-2598.902 262.776
-2606.066 256.066
-2612.776 248.902
-2619.003 241.314
-2624.720 233.336
-2629.904 225.000
-2634.531 216.343
-2638.582 207.403
-2642.040 198.216
-2644.889 188.823
-2647.118 179.264
-2648.717 169.579
-2649.679 159.810
-2650.000 150.000
-2649.679 140.190
-2648.717 130.421
-2647.118 120.736
-2644.889 111.177
-2642.040 101.784
-2638.582 92.597
-2634.531 83.657
-2629.904 75.000
-2624.720 66.664
-2619.003 58.686
-2612.776 51.098
-2606.066 43.934
-2598.902 37.224
-2591.314 30.997
-2583.336 25.280
-2575.000 20.096
-2566.343 15.469
-2557.403 11.418
-2548.216 7.960
-2538.823 5.111
-2529.264 2.882
-2519.579 1.283
-2509.810 0.321
-2500.000 0.000
